$ANSIBLE_VAULT;1.2;AES256;ssh
65636232303134613631303763353630303734383838663634663263663866303139636663343333
6564666466333765376135623961346531643761353936300a663266666164313562396532633131
65396138303966343732653565393665353434313964663331643737376633636134636161383236
3863623838316639300a356235316263353838643536323733383165393337363839356435343935
39336664383635323863653462316439386364306335313532653739373262333032653036316461
62383730363062383063333361626364636463626237303062373364306338626463333332623339
66353764393335396261646332653934373264623535383563323361383365333461373136373639
34326463306130393461396262323664356465393834333232393235653938663331633636383463
38373837623438396562626437393136303932396562306632323831633232366533353465323739
33326133313862343532363064343838363731316239623365646139646531333239643535366334
34646536393431646134656464303331373362636630353265386462326231356537616232666332
32633262366465393437653437313864373339373665636335623163653430626230316664366230
63396461663131303230386535653666383763623336623863373633343863366438326137396465
63313530666539646465376265626438636138613161613337363032383765643662643532616362
34313766373834376139303136623664363031666164323466323131396239373962353861343863
31356330613334393036353230653036393634613165363939336263376337613635626332376335
61653030363538646136316137643138306263646237356133393539323337306362323463353566
63346135303564393864343239366338393861643364396536326538386361333331366239343239
33663331336330303066623961363339363961346265643561323434666132386164663933656666
34653533373737336265346239663935333334653263303065346131366434353035303332383862
64613932363130663865623230636331373738313536383133376631653134383238316230343033
32613430333365663763656637663932633866633937656338616362306362343461653836356664
64653731643833616539643564373163623461383161383030643334363363313338353137666261
65656139633866306162356666656531393962626633383539313635316632663531653832613031
30633164363739313337333563396330386232326165376563376431633665323936616564633934
62623936666432356438303161616437383130386237646464653862646262386137366135346364
34616263323137323632653231366633376538653733393465383364323735376539653164666430
39306437396266386536376132366531343237633065373233383238303833353263633937363561
64306563356363613439333437616537613163313534376663333030396164313037393566666665
33326339356232383636643231613338313631646133633361303936643930336333653635643131
31643431353034393639643730366232333066656366653939663130353262313166623435373965
30363533623635613962396237363366303563623539646637366633656166373330646335313838
65343763393163306566636537306333376136303165393530356662613433663164633330383231
32633465633237616131666530613133363036383166306638366635363334383539353662326462
38346163636466373734343039306164303134356237306363646533316363303132313264623162
65333835616538353066383665313638306436363532313963336134393634333730623364336539
62623835396435376332366130393632666335333232396435303536366333363034393362656134
35656437393133613031623564653039623935646139356463626432356231636631343366353533
31393138333939666235623239323430356135326162363638353366373364613464613935623165
39656236326538373533363337393166313631303965636266616138373934646630396635313434
32356561633863633839363562393933306563346238376439316262646664613161346137343636
61613234666164616532623539633631353238303539336331643462303237633234323135313063
66663531306335373737356632636163316230393936326537613131313239383462306366363739
31636331633735396238363435386265396232343261313565626133396666303434333434396531
36303366656635643130623365326161653733303931373635373333666537373038313361656535
64356338353364346239323965363666613264663937383864376265343737623361383231393432
39376137623563373865386166663163343662633539396133313564656335366335653333613864
38646439656263323063353837383931306636326633393766316134346561646662343164323239
39386432646262353830633533396238346431633739616130663765646363383131333939613030
32343038373062363862323830663162656265643863343538356131306139323539343032663334
33386635383035653837613933363439313034376235366166373861613434636562396135343535
65393834376337643233306239376466343034343966346238313864303138623531353237343631
63613736643265326466636665326539326636316565333035656563643039346139623064373561
61363166626635623464646266636165356262306230393035666365363961323134376532326562
66393034646335653065383662616532366438356264343033626166363165303262316139363962
38616334373239653564356430656635656532313165313565376534663639366131363533623333
66333166633334386132353962323832376233653363633537313363356234636262613131373063
62376235623262656539633532336335656265316137663930366435323330353338626333346161
66646534336431363538353161613761386164326232353434363539363537396130373766633763
30326634303539363961643664616264303138363939346533346463383661366166623262323139
66363066383465616137333436633661336333653036633866343364643861623033303632326234
35376431613262643363333630653833373236323333663032303663356164643464663638386538
35643435346539376538643734343236643463383061383439303930613162613166373662393662
61303038346635336339373663323362353230666632303930356436303638336265313165623766
38623432313430663836323238643833303338333532396364326464336338353032636666373761
39363437653066626662353763633431653165383338333635343738626439613432633563313235
32323539653835376632643836363466343533633538366361333839313337356134663461336363
34663265326361333435666437343330323733323433653430303139383866383464643363373264
30313439343332626638383064343165393166623864626462626230333230346164326362383665
63623230346662313931653534343162613164356666663339333463663164323038363563343264
63393032653036633536643935376632656638303362366339316435386636656332393363383130
39646166333138343332353838333032643738346364643361633633393030656563356530353165
62663535303265663866313263376164383838653439383434376135353064396535326564623537
61396263346632326630383364373164323132323666333665373566626339303462623561373135
66656135623437336437396537353835373762386565383863626638653861376635666239616534
34623831626533616466356130366533353131666363656364366632303665386639663062353962
34646134386536313665633864633861313337343233303734313638653265613863663735666462
37373339643664666135656130663465613463303432393061353861623461303330643531343265
33353132653634353939643164363533393838633530626139306633393830623463643461663662
31323234356331366262396434626534633734626535316138643139336437636436663361303034
34623061636464363065623035336233653232636633376437313436356431333065376436653063
32353134626163366438323161646138373538356563386164333265613535666430653039313165
63316335353963623235626266613966356130373536666538386239613064386136353632613236
36323064326264356536393338616132353635663963343931326138653235646266663530616663
34666563306561373461306637336661363366383634613933316536633234323036636661363132
36613463356330663963356130343736363363373838363030363262356663323963346636356363
32616237316433346634363236316431313461326362613165393034316164303036383466363734
63343332396164393936636434356531386165316365653336353239666464313061373237386665
63633631336438373864626230343535633439626439623535613037316533376162623036626439
37313736613966303963633866323239633436663535333431623935663864393133313763346462
30386337313730326139353233393038353230306438323030346138313565353430356532363130
38613437653334626662666634636435653564626335333430353464333962666564636639306466
65303139653537336465356565613538623632613562623337663238373461653766646137343933
64383631613638613030653535616530323630613563653562633865626230626362633436366661
32313139643831653162646430613935386562633762353637636262376631396162663934633463
31653733623565623537343430383134613837396233663636393262343633356166653266393434
63383534333765353235373432393933646663616163393031366432356538346339386138393432
61656637393263366465343638666635326433623966376334643334663466343063313433376437
34616165633332653461643931646232383438636536336661623837623135616665653961376362
64326435613539333433376663303536326334336561623036373938313565393666386136643330
64663366393131306462623632656435616561303862346665323536313565303363643138633065
62306165646533306338343861393964366666643536386137363264663030633234643330636537
65363231633864316538373439653665613361663938346361353730663438636530303135363633
32316266343237353563336230663364373263343961363135383537303965303239623936353964
65343931656266316336613763343135636163343261643136666136663563363930353861313831
38643562393434383736376463316263666630656439326231663966356139363930363839646664
64333263363032303236313964396465633362623538633435643664306662653963366338653132
36383631383438653538616361636465643939393134323166376466616164366235386537623061
35306535343862383934316562353334653432663162373135323463366436303362363336613638
38653161623362313033643934343837326638343761383131633163383537616332333263386234
36356464306366353131616462366239313264386431336533666165366363366662313136626437
62386639323865383066616162643638663131346464613338633636336461323534386366643237
32666463623865386333326531383062386436656332663639616239303164323937353239613962
30303562373633643232653563646365396265616232376264633263313738663236633332646437
32303966636132393965306565343838646333383535353538393938376435386463316134366232
30653732383333393330353263316631366465363637376636353537383064613662663338616162
64636164663530353538653839356532633335613963316365636432323763393838396238306465
37393564373831656639333366663734636434316530656261396133666464346538313662633833
63613933636633366233353932316430626130306338316438316566326533346132316666363530
39323533373264613666316637343037653262656635386433656539346263613335313137333230
61343439643736346661316362383964326166396465373166663030313736393035396334316332
35366661383736396232656435323237333662326563383664316239383837323864303639653733
66383465653531393435666334326137633139306139633062336533353432376435313464643632
35383539653137383137656339323166633462373630366330303530333838373431613132393633
63356332313466356666373138303235393631363336643030306639373434393439316439343361
66353866643533343230663066393431346333623130393163326336363731306164613563326433
37666437653464666535636633383566356466656131633737333837646639373230313834613539
31623232393761373435386538383165636435643163343031343866626637373264313138653839
35303831356431623532623235373266636430353237636439356137383061663134386363626563
66366235363230333531316434303930313961373765313363316631316661373735396461303735
64363331306232366332313938383339626461373333643036306565616239316363386162366163
39343733333161643533646237303035376530613833343031373365633735663031656564326238
37353336366635613664613133316235663461626531323563653461303866376431633065616438
62656664396230373463303739646336346338316661633963393562383731333961663230613436
34663261373963326238623936336438343933336463303962373930636565323130633163623334
34323430373430396461633566373237323864666365373138336130636362383162646163613736
65623064633731333138366563373036386430343035636437393537356164623735356563383861
3434353161623436633366616663336337343239393966623563
